X:

1. Versao 1

0.037
0.040
0.038
0.037
0.039
0.033
0.044
0.043
0.036
0.035
0.034
0.037
0.040
0.032
0.034

media:0.03726666667

2. Versao 2

0.036
0.031
0.036
0.034
0.034
0.035
0.043
0.038
0.036
0.032
0.042
0.033
0.034
0.035
0.032

media: 0.0354

Y:

1. Versao 1

0.037
0.044
0.042
0.036
0.035
0.044
0.044
0.047
0.034
0.032
0.038
0.032
0.033
0.032
0.035

media: 0.03766666667

2. Versao 2

0.033
0.042
0.033
0.036
0.033
0.031
0.027
0.028
0.035
0.039
0.028
0.035
0.027
0.032
0.030

media: 0.0326

Z:

1. Versao 1

0.034
0.035
0.034
0.031
0.035
0.033
0.034
0.035
0.042
0.033
0.032
0.032
0.037
0.037
0.038

media: 0.0348

2. Versao 2

0.034
0.031
0.033
0.034
0.034
0.035
0.033
0.034
0.030
0.030
0.031
0.033
0.033
0.034
0.031

media: 32.66666667