X:
1. constante
0.056 
0.064
0.058
0.060
0.058
0.054
0.054
0.054
0.053
0.049
0.051
0.052
0.055
0.059
0.049
media: 0.05506666667

2. variavel
0.038
0.041
0.041
0.036
0.037
0.042
0.035
0.037
0.037
0.041
0.039
0.044
0.038
0.035
0.035
media: 0.0384

Y:
1. constante

0.053
0.054
0.055
0.053
0.059
0.050
0.052
0.054
0.051
0.060
0.049
0.063
0.055
0.053
0.049

media: 0.054

2. variavel

0.041
0.043
0.040
0.049
0.038
0.040
0.041
0.044
0.053
0.040
0.050
0.039
0.040
0.044
0.045

media: 0.04313333333


Z:


1. constante

0.040
0.045
0.044
0.046
0.043
0.047
0.044
0.044
0.040
0.043
0.047
0.049
0.041
0.048
0.047

media: 0.04453333333


2. variavel

0.033
0.038
0.036
0.036
0.035
0.043
0.038
0.040
0.036
0.035
0.037
0.034
0.037
0.037
0.036

media: 0.03673333333