X:

1. contagem

0.041
0.037
0.034
0.034
0.036
0.044
0.035
0.033
0.035
0.027
0.031
0.035
0.037
0.043
0.035

media: 0.0358

2. dupla negaçao

0.035
0.037
0.034
0.042
0.036
0.040
0.039
0.042
0.043
0.039
0.040
0.039
0.042
0.050
0.038
0.043

media: 0.0426

Y:

1. contagem

0.034
0.035
0.034
0.034
0.038
0.036
0.034
0.036
0.043
0.034
0.038
0.039
0.036
0.037
0.041

media: 0.0366

2. dupla negaçao

0.043
0.048
0.040
0.038
0.050
0.039
0.046
0.042
0.039
0.054
0.039
0.042
0.038
0.037
0.041

media: 0.0424


z:

1. contagem

0.033
0.027
0.029
0.035
0.029
0.030
0.029
0.033
0.036
0.029
0.033
0.034
0.033
0.041
0.029
media: 0.032

2. dupla negaçao

0.037
0.040
0.039
0.037
0.041
0.048
0.045
0.045
0.041
0.039
0.038
0.037
0.045
0.041
0.045

media: 0.0412




